2
4
370 406
370 96
76 94
77 404
87
158 190
159 164
162 159
167 161
166 165
168 172
173 174
177 173
181 171
184 170
193 166
206 164
226 163
241 163
255 166
275 176
286 185
295 195
306 211
313 228
317 241
319 251
319 271
317 281
315 292
310 304
298 318
287 327
279 333
270 337
256 343
245 347
229 350
214 350
198 349
182 345
170 341
157 337
152 333
153 268
152 264
151 262
147 257
143 254
137 253
133 253
131 251
131 248
200 248
204 250
200 253
193 254
185 257
182 262
180 268
181 329
188 334
196 337
206 339
216 340
229 340
237 339
246 334
257 327
265 319
271 312
277 301
282 292
286 281
288 260
289 246
286 229
282 216
272 196
263 186
253 179
238 173
222 171
209 172
197 175
184 183
171 193
164 205
161 216
158 220
155 219
154 214
